0 0.258984375 0.10208333333333333 0.06484375 0.1125
0 0.080859375 0.20208333333333334 0.06171875 0.10972222222222222
0 0.043359375 0.8451388888888889 0.07421875 0.15416666666666667
0 0.12421875 0.7402777777777778 0.075 0.1388888888888889
0 0.1734375 0.6472222222222223 0.053125 0.13055555555555556
0 0.2703125 0.3819444444444444 0.0640625 0.12777777777777777
0 0.499609375 0.30069444444444443 0.06171875 0.11805555555555555
0 0.643359375 0.38125 0.06328125 0.1125
0 0.37890625 0.9104166666666667 0.071875 0.15138888888888888
0 0.56875 0.7881944444444444 0.071875 0.1375
0 0.51015625 0.6854166666666667 0.0484375 0.10972222222222222
0 0.65859375 0.10902777777777778 0.0578125 0.11805555555555555
0 0.75078125 0.10208333333333333 0.0578125 0.13472222222222222
0 0.827734375 0.034722222222222224 0.05234375 0.06388888888888888
0 0.89296875 0.20069444444444445 0.0640625 0.1125
0 0.932421875 0.5680555555555555 0.07109375 0.125
0 0.48515625 0.10694444444444444 0.065625 0.1111111111111111
