0 0.26 0.10416666666666667 0.08666666666666667 0.13690476190476192
0 0.075 0.1875 0.08333333333333333 0.1488095238095238
0 0.2733333333333333 0.37797619047619047 0.10666666666666667 0.18452380952380953
0 0.12666666666666668 0.7083333333333334 0.09333333333333334 0.20238095238095238
0 0.051666666666666666 0.8303571428571429 0.09 0.24404761904761904
0 0.5733333333333334 0.75 0.12 0.21428571428571427
0 0.5066666666666667 0.30654761904761907 0.1 0.20833333333333334
0 0.665 0.08630952380952381 0.07 0.16071428571428573
0 0.75 0.10119047619047619 0.07333333333333333 0.17857142857142858
0 0.9316666666666666 0.5476190476190477 0.08333333333333333 0.16666666666666666
0 0.8916666666666667 0.18154761904761904 0.07666666666666666 0.17261904761904762
0 0.6466666666666666 0.36904761904761907 0.08 0.17857142857142858
0 0.37833333333333335 0.9136904761904762 0.07666666666666666 0.1488095238095238
0 0.48333333333333334 0.11607142857142858 0.08666666666666667 0.13690476190476192
